0,1.6825,2.8706,1.0235,1.3726,1.5261,1.8596,1.9596,1.492,0.85018,2.6902,1.9763,1.6233,2.285,1.3801,1.6939,0.68084,1.3705,1.0793,0.99661,1.1592,2.6148,1.1106,2.2203,1.7891,2.0542,1.6657,1.8272,1.27,2.2688,1.1937,2.0441,1.9016,2.2204,2.5098,1.9696,2.2498,1.4954,2.6565,1.6429,1.5581,1.4932,0.76054,2.0813,1.3543,1.8886,1.5069,0.54246,0.93951,2.7104,2.2431,1.1509,0.87731,1.5513,1.4946,1.0047,1.1475,2.643,1.6545,4.8048,3.3647,3.1167,2.4199,1.8015,2.8877,2.235,1.252,2.455,2.5267,2.0208,2.4519,2.1526,2.0762,2.1816,2.3391,3.5497,2.7389,3.3382,1.9154,1.9383,2.4796,2.0267,2.9085,3.199,1.8805,2.2929,2.9846,2.7086,2.7875,2.7441,3.9797,3.3403,4.0308,1.4682,2.3566,2.0264,2.2723,2.1543,1.8494,2.3482,2.7739,3.2139,1.8404,2.6652,2.0112,3.2079,2.6025,2.0442,2.7968,2.0842,2.4421,3.4469,3.0868,3.2481,3.1067,3.5697,2.6174,2.1103,3.8797,2.3515,2.8649,3.332,3.3439,2.6576,2.3376,2.5807,3.3294,3.954,2.4215,2.4667,2.7389,3.1119,3.4674,3.0757,3.5857,4.2566,3.6233,4.2791,3.899,3.4705,4.2142,3.1333,3.323,3.1763,2.7444,2.9632,4.8175,4.4715,2.8221,3.5389,3.5915,3.2397,2.6909,3.2159,3.7211,3.6666,4.6101,4.754,3.1949,4.2073,3.4412,2.7951,3.0625,2.7428,4.2434,3.0864,2.6375,3.1945,2.9079,3.5227,5.1206,4.6046,2.4804,4.3368,3.6148,3.7286,2.3874,2.9586
1.6825,0,3.2677,2.0991,1.8698,2.5139,3.2465,2.3014,2.2261,1.7462,3.7415,2.4502,1.5442,3.0441,2.2111,2.1187,1.6029,1.9447,1.6357,2.2609,1.6144,2.2794,1.3255,2.0709,1.7756,2.2442,2.5862,2.4413,3.0583,3.5703,3.4291,3.1597,1.8562,3.5715,3.4925,1.9433,2.5579,2.0863,1.8922,3.0651,1.3641,1.8847,2.166,2.96,2.4012,3.5811,2.1411,1.9268,2.5136,3.0767,3.1646,1.3266,2.4213,2.3583,3.0482,1.9951,2.5301,2.9712,2.6269,5.0594,2.8233,2.8942,2.918,2.9382,3.0674,2.1017,2.2607,2.3819,3.061,3.531,2.6699,4.5547,1.8236,4.1567,1.3541,2.3468,3.4701,3.7328,2.7589,2.4404,1.9933,2.2204,2.0151,3.9414,2.5125,3.0007,2.8707,2.8485,2.3888,2.9636,3.6625,3.3284,3.4685,2.4386,3.0839,2.81,2.3392,2.1573,3.1088,3.9024,2.1659,2.4819,2.3081,2.5763,1.9838,3.5723,2.3146,1.5776,1.6045,3.3756,3.4626,3.1728,3.4775,3.4049,2.9259,3.1229,2.6495,1.7674,4.001,3.1898,2.1434,3.963,3.5075,2.9536,3.0042,2.5219,2.989,4.6061,3.6789,3.1592,2.8109,2.5472,4.2387,3.0564,3.7422,3.5275,4.0077,3.1287,4.4765,3.0957,3.6696,3.3162,2.7478,3.4069,3.8365,3.4975,4.6777,5.3077,4.3284,3.7388,3.8435,4.1316,4.5598,3.7874,3.5062,4.8338,4.3567,5.2792,4.4724,5.7882,2.9237,3.4084,3.2973,3.3106,5.4473,4.4336,3.3212,3.6096,4.0262,4.5184,3.9245,4.8907,3.3259,4.9245,4.5347,4.0431,3.471,3.1847
2.8706,3.2677,0,2.3364,2.689,2.1701,2.2847,1.296,2.3785,2.7553,2.7305,2.973,2.5444,1.5538,1.6703,2.363,2.3555,3.1306,2.8506,3.3318,1.8637,1.3966,1.756,3.4762,3.4743,2.2933,3.2348,1.5996,1.9917,1.9335,2.1736,0.97215,1.3684,1.8302,2.074,1.1736,1.4921,1.9848,3.6036,2.7552,1.4389,1.7919,3.1617,2.3948,1.473,3.4389,1.7304,2.4017,1.7436,1.7622,1.733,3.412,4.0685,2.6835,2.0332,1.6672,2.1558,1.4542,2.6263,3.7579,3.1342,2.5772,3.3219,2.872,4.2048,3.296,4.0569,1.8799,3.5893,3.3979,3.3342,3.4454,3.2423,1.7296,2.3541,2.7423,2.4332,2.2359,3.0899,2.4373,3.2794,2.8648,2.8713,4.2855,3.4291,2.3015,3.8468,2.3631,2.4845,2.708,3.5302,2.725,2.6317,3.5891,3.4688,3.5086,3.0268,2.2875,2.2995,2.0515,3.48,3.2201,3.0369,3.2175,3.054,2.6284,2.9596,3.0336,3.345,3.5796,2.5208,1.5728,3.6509,3.1102,2.9409,2.7587,2.1112,2.8356,4.7612,2.2424,1.812,3.922,3.2856,2.9288,3.0193,3.0384,2.729,2.5986,3.7242,4.2174,2.8361,3.8549,3.586,2.5765,2.712,3.3194,3.9391,3.4931,4.2775,3.5732,4.0758,2.6748,4.1887,3.6,3.924,2.805,3.7992,3.9724,4.0007,3.3553,2.8613,3.5233,3.7387,3.3542,4.0737,4.411,2.7982,5.0231,3.7017,3.0781,3.6044,3.4768,3.6701,4.2112,4.2508,4.487,3.3998,3.3722,3.6635,2.2738,2.3687,3.6049,3.7948,4.2293,3.4641,4.2129,4.51,2.9949
1.0235,2.0991,2.3364,0,2.3321,1.8454,2.9558,1.6109,1.1321,1.4512,3.5167,2.1865,1.6932,2.626,0.71129,2.5968,1.1832,2.1154,1.4672,1.7271,1.8272,2.9584,1.3602,3.0731,3.5121,2.4062,2.5,2.0728,2.2773,3.2541,1.6974,1.4862,2.3025,1.9551,3.5439,1.6768,2.7796,1.9506,3.4368,1.9301,1.4181,1.2931,0.79287,2.2818,1.9668,2.5309,2.4962,1.6042,1.1368,2.3282,2.2767,1.9939,2.0474,1.7554,2.421,1.7053,0.68273,1.8097,2.2232,5.0611,3.6191,3.8137,3.0918,2.4223,4.8072,2.4253,3.0166,3.2235,3.7773,3.2425,3.5661,3.4414,3.0963,2.8661,2.297,4.7582,3.5875,4.3163,3.0687,2.8016,3.3531,3.535,3.885,4.7761,2.7501,3.4197,4.5889,3.5016,3.5715,3.5113,5.4925,4.1669,4.0951,3.3043,3.5583,3.7252,3.9319,3.407,2.7048,3.2416,3.7506,4.4881,3.1528,3.7395,3.1162,4.3387,4.6638,3.199,3.5388,3.9574,3.011,3.7708,4.4773,3.4748,4.4107,4.0801,2.8617,2.3257,5.0337,3.4139,3.3777,4.1811,4.1934,3.4345,2.9841,3.0135,4.0959,4.5992,3.6217,4.2166,3.2322,3.2546,4.1594,3.8396,3.9736,5.0595,4.8615,4.5031,4.9782,4.5291,5.0193,3.0602,4.7587,4.0946,4.5042,4.3057,5.2522,5.0024,4.0214,4.0005,4.0751,4.0942,2.7424,3.2768,4.7782,5.3729,4.1639,5.1455,3.2967,4.5044,3.9257,3.1266,4.6799,3.7531,4.7289,4.8727,2.6431,3.737,3.8469,4.1652,5.1533,5.3902,2.6064,4.905,4.4952,4.4165,4.0129,3.2696
1.3726,1.8698,2.689,2.3321,0,2.2199,3.6096,2.4166,2.5302,1.9061,2.7533,3.6637,1.7432,2.9958,2.5311,2.2058,1.1789,1.2102,2.4783,1.6267,2.3711,1.8226,2.0161,2.1475,1.5911,1.4981,2.3519,2.1369,2.2365,2.712,2.2669,2.1833,1.9658,1.7721,3.7456,2.0976,1.7043,1.0605,3.1943,2.1362,2.0541,1.7445,2.1091,2.2365,1.6134,2.0922,1.216,1.8795,2.4805,2.8785,2.68,1.45,2.48,2.3103,1.9902,2.0107,2.5729,3.2906,2.829,5.5144,2.563,2.0866,2.4654,2.9773,2.8958,3.0516,1.5118,1.7464,2.2367,3.7935,2.121,2.7852,1.882,2.5671,2.1779,2.6694,3.2635,2.6903,3.0858,2.1314,2.8811,1.9532,2.0408,1.6887,2.2547,1.0416,2.689,2.3927,2.3976,2.5057,3.6042,2.2318,3.4565,2.009,2.7891,1.551,1.7497,2.2334,2.4501,2.2048,2.6077,3.2659,1.7867,1.2815,1.4731,2.759,1.6665,1.1712,2.7853,2.4868,1.9534,2.6051,1.8588,3.3744,2.0862,2.8961,2.2068,2.2721,4.0929,2.48,2.4168,2.4575,2.3863,1.4601,2.4092,2.2635,3.1397,2.3452,2.1891,1.828,2.4397,2.7778,3.8931,2.0126,2.975,4.0743,2.5259,2.3088,3.7197,2.6032,3.4491,3.6799,1.7894,2.4911,3.1196,1.8049,4.1022,3.9113,3.2358,2.4756,2.6753,3.1941,2.8204,3.297,3.4637,3.1055,4.2363,4.6576,3.449,3.8625,1.4556,3.2453,1.4242,3.0883,4.2793,2.6164,1.9634,2.2517,2.1137,2.2959,4.0029,4.3705,3.0533,4.3205,3.6536,2.983,2.0896,2.2602
1.5261,2.5139,2.1701,1.8454,2.2199,0,1.4205,1.6793,2.9965,1.8533,1.7925,1.9492,3.1081,2.1269,1.6645,0.80999,0.75387,1.3873,1.1875,2.8643,1.9751,2.4594,2.6224,2.3039,2.8857,2.4752,1.8071,2.5649,2.4822,2.0372,1.5074,1.4777,1.5725,2.0536,2.0665,1.9455,2.8528,1.2379,3.4452,1.7693,1.7656,1.7659,1.8042,3.6415,1.3523,2.3358,1.9526,1.9069,1.4355,2.2314,1.1301,1.1585,1.6587,1.4783,1.88,1.0383,2.4335,1.1338,1.2206,4.1781,3.8446,2.7865,2.485,2.1058,3.3035,2.505,2.3069,2.7178,2.2561,3.0922,2.9362,2.44,3.8988,2.5471,2.573,3.1587,2.5647,3.1755,3.1686,2.0148,2.6161,2.3843,2.5291,4.0855,3.7338,3.0516,3.5452,3.013,2.4927,2.8636,2.6349,3.7476,3.8929,2.692,3.0527,2.4003,3.2544,3.2438,1.7247,2.1492,2.2225,3.4379,1.741,3.4039,1.988,3.7142,2.7365,2.8496,3.0477,3.2886,3.4899,2.8798,2.9108,3.4461,2.999,3.5691,3.4401,3.0399,4.1221,3.0925,2.7309,4.729,2.6464,3.2442,3.0662,2.6616,3.0673,2.9316,3.488,3.0499,3.2646,3.2867,3.0349,3.0757,3.0995,3.5834,4.3991,3.932,3.6254,2.4992,4.3153,2.8877,3.052,2.2908,3.0627,2.6111,3.6301,4.0188,2.762,3.3846,3.8737,3.1096,3.3089,4.0341,3.008,3.5728,4.2678,4.2784,3.1552,2.8918,3.4774,3.0872,2.9987,3.4455,3.1024,2.8473,2.8975,3.4886,2.5325,3.0314,4.133,4.6503,3.1786,4.305,3.3393,2.8054,2.421,3.0476
1.8596,3.2465,2.2847,2.9558,3.6096,1.4205,0,1.6776,2.8631,1.6169,1.6792,1.6495,3.2665,1.2577,2.5544,0.88103,1.9264,2.4827,1.4061,3.0107,1.0442,2.5669,2.0033,2.4817,2.3316,2.456,1.7718,1.8087,1.8248,1.8625,1.3386,2.2793,1.7624,3.5283,0.73483,2.0887,2.3148,2.4414,2.9584,3.0454,2.6176,2.7095,2.8318,2.6753,1.5374,2.6123,2.0105,1.4838,1.2296,2.1799,1.9136,2.2595,1.5722,2.9764,2.0982,0.70789,2.6789,1.7868,1.2735,3.7029,4.1853,3.09,2.747,1.6982,2.3392,2.7162,3.0965,2.5656,2.3876,2.3987,2.8299,2.2428,3.8534,2.3432,2.6633,3.6124,1.7925,2.8132,2.0724,2.0506,2.7045,1.5894,3.1674,4.0316,3.2715,3.5737,3.4012,2.9567,1.9524,2.5954,2.187,3.5361,3.4765,1.8764,2.4851,3.469,2.8138,2.1085,1.8842,2.6433,3.2007,2.4976,2.4091,3.6595,3.0374,2.5623,2.2463,3.1328,2.7205,2.1554,3.9787,2.5757,4.1264,3.4533,2.3547,3.8823,3.1415,3.1243,3.3968,1.9456,3.1921,4.9239,3.6958,3.962,3.6421,3.1052,2.8946,3.7721,4.0498,3.5441,3.1212,3.3763,2.8395,3.2276,3.178,2.6243,4.0375,4.7266,2.8207,2.5331,3.9541,2.3393,3.9465,2.5419,2.0477,2.8918,3.7154,3.3616,2.2726,3.8004,4.7082,3.8073,3.802,3.9072,2.9738,2.816,3.6614,3.6389,3.7587,3.4134,4.3958,2.736,3.2277,2.7803,3.1705,3.2414,3.9122,3.8671,3.2863,3.0605,3.4192,3.4807,2.9033,3.3385,2.8986,3.2472,3.2298,2.9465
1.9596,2.3014,1.296,1.6109,2.4166,1.6793,1.6776,0,1.3976,1.2307,1.7237,1.5024,1.8854,1.4152,1.5212,1.5209,1.5858,1.5788,1.8699,1.7562,1.383,1.9832,1.0886,1.6272,2.1296,1.1348,1.5308,1.3175,2.4555,1.4631,1.5721,1.1566,1.0704,1.5941,1.7545,0.45978,1.4225,1.4786,1.8503,1.8128,1.7473,1.6155,1.8705,1.6351,1.3255,1.8534,1.8247,2.3178,1.3561,0.77975,1.386,2.1423,2.7156,2.075,1.5682,1.3502,1.3028,0.83761,1.5345,2.9059,2.2172,2.5959,1.9899,1.9639,2.8569,1.8683,3.9182,1.9434,2.7581,2.7623,2.0384,2.4592,3.2465,1.9615,1.5647,2.9509,1.8664,2.3313,2.3394,1.6858,2.947,2.4222,2.2027,3.5547,2.5599,2.5206,2.9943,2.5011,1.7765,2.1577,2.6226,2.6299,2.114,2.6372,2.5416,3.5565,2.6506,2.3512,3.1031,2.3023,2.9457,2.3638,2.3708,2.563,2.4739,1.9674,2.8479,2.4456,2.5333,2.7844,3.0826,1.4598,3.2434,2.1331,2.2968,2.4774,1.7173,1.7186,3.7725,1.8738,2.3747,3.0315,2.5684,2.7904,2.7162,1.6362,2.3276,2.4196,3.4339,3.9783,2.0911,2.2955,3.6803,2.4017,3.4468,2.8939,3.6732,3.1089,2.4121,3.0443,2.205,1.5398,3.0479,2.2447,3.4137,2.8043,3.0809,2.6849,3.3137,3.1614,3.4979,3.7557,2.7239,2.7767,2.7573,3.9311,2.1571,2.7432,3.1193,2.7725,2.9619,2.2945,3.3645,3.1903,2.5895,4.0131,2.2018,2.7164,2.4728,2.4881,2.076,3.2354,2.2855,3.278,3.0049,2.7738,3.9552,2.686
1.492,2.2261,2.3785,1.1321,2.5302,2.9965,2.8631,1.3976,0,1.2517,3.4322,2.2144,1.0487,1.7887,1.3852,2.7628,1.799,2.2063,2.0422,1.0253,1.8608,2.9947,0.70618,3.2539,2.5503,2.4177,2.3952,1.1007,1.967,2.3501,1.9024,1.8027,1.6814,1.9283,2.6624,1.5811,1.9693,1.8269,1.7553,2.1042,1.6562,1.6693,1.3778,1.1805,1.7808,2.1373,2.0503,1.5206,1.1008,1.8209,2.5673,2.8724,2.2924,2.128,1.6871,2.1248,0.45262,2.7199,2.2466,3.4239,2.1323,2.668,1.825,2.0761,3.8112,2.016,3.0466,2.44,3.0323,2.7492,2.2191,2.8738,2.3439,2.8361,2.6302,3.6238,2.349,3.611,1.8574,2.6473,3.4089,3.4012,3.2096,3.4071,2.2492,2.5535,2.8875,3.2193,2.8349,3.3819,4.2625,2.9619,2.6169,2.6363,3.2324,4.0815,3.0874,1.7968,3.2026,2.6812,4.1656,2.8483,3.1191,2.5166,3.3754,2.676,3.7703,2.3693,3.4305,3.0621,2.5823,2.7871,3.6654,2.7659,3.6248,3.0946,1.8291,1.8834,3.9699,2.2246,3.1582,3.4969,4.2731,3.3394,2.8373,2.7559,3.1002,4.2291,3.08,4.42,2.0175,2.6792,4.2748,2.5988,3.7829,3.7631,3.6136,4.1056,3.3174,4.875,3.2251,2.5913,3.7349,3.8121,3.9594,3.4966,4.3565,3.4813,3.3115,3.4403,3.6238,3.9651,2.6601,2.0844,3.5231,4.5451,2.4611,4.2464,3.2281,3.8439,3.2784,2.1272,4.2287,3.253,3.6694,4.4625,2.5399,3.0318,3.6997,3.8884,3.854,3.8064,1.8145,3.5929,3.6731,4.2626,4.425,3.0932
0.85018,1.7462,2.7553,1.4512,1.9061,1.8533,1.6169,1.2307,1.2517,0,1.5597,1.6291,1.0204,1.5944,1.4439,1.5769,1.2382,0.81741,1.1318,0.75602,1.1767,2.6519,0.8937,1.2502,1.0171,1.6157,1.0805,1.4411,2.0445,1.4451,1.0526,1.9339,2.0488,2.8989,2.2738,1.0761,1.9352,1.8106,1.3859,2.0843,2.1024,1.9463,0.96138,1.3536,1.5498,2.0422,1.3566,0.9375,1.0512,1.5538,1.4314,1.1801,1.1466,2.1251,1.4116,0.85496,1.1861,2.0123,0.8027,3.5216,2.8724,3.107,1.9896,1.1756,1.9366,1.4388,1.641,2.1953,3.0633,2.6146,1.9291,1.8551,2.3845,2.6777,1.3476,3.4733,2.0802,3.4347,1.9143,1.6726,2.915,1.4129,2.4281,3.0108,1.3195,2.5572,2.6486,2.9269,2.2732,2.2014,3.0351,3.2487,3.5191,1.3436,1.829,3.2211,2.4554,1.765,2.4431,2.2551,2.3724,2.3242,2.2806,1.9862,2.2557,2.4268,2.2667,1.9968,2.1076,1.3511,2.2523,2.2858,3.3752,2.0335,2.1785,2.8866,2.022,1.8071,3.162,1.9561,2.6153,2.4847,3.4294,2.289,2.0541,1.6106,2.2027,3.372,2.538,2.7155,2.1885,2.5208,3.8456,2.7736,3.8086,3.5242,3.528,3.8952,2.4328,3.2825,2.7001,2.6879,3.2668,2.367,2.9063,3.01,4.4391,3.2224,2.9833,3.8848,3.8828,3.4876,2.5338,2.6687,2.8166,3.2116,3.4826,3.0527,2.9867,3.069,2.7211,2.7907,3.296,2.8753,3.0176,3.459,2.2655,2.6553,2.0926,3.0975,3.8237,3.2144,2.1616,3.8401,3.422,2.9783,3.0543,2.9385
2.6902,3.7415,2.7305,3.5167,2.7533,1.7925,1.6792,1.7237,3.4322,1.5597,0,3.1503,2.9137,1.4743,2.7437,1.3398,2.1404,1.8154,2.2467,2.7225,2.1783,2.6675,2.9265,1.7078,1.8054,2.1033,1.7206,2.0252,3.9186,1.6621,1.7896,1.752,2.3164,3.1404,2.665,2.1503,2.3913,2.2403,3.1551,2.6147,3.955,3.172,3.1692,2.7189,1.7164,2.2694,1.6326,2.6398,2.8235,1.7163,1.1665,1.8032,2.4253,3.468,1.9367,1.5462,3.7698,2.2346,1.7599,4.7284,4.5312,3.9256,3.2842,2.7282,3.1378,3.7229,3.1152,2.4757,3.3677,3.7102,3.1884,2.2552,4.985,2.9356,2.5762,4.4878,2.3167,3.5625,3.1621,2.6245,4.08,1.9609,3.5846,3.2417,3.2227,2.908,4.4302,4.7394,2.797,2.8895,2.9103,3.3705,4.3173,2.6738,3.169,2.7818,3.4133,2.8718,2.9102,2.8846,2.9402,3.8761,3.5293,2.5767,2.5749,3.5489,2.2144,3.3852,3.2897,2.3025,3.2608,2.3126,4.5579,4.1785,1.9472,4.454,3.3481,4.1046,4.0946,2.5726,3.8682,4.1342,3.4709,3.3136,4.1363,2.9494,3.047,3.5093,3.9396,4.2847,3.3518,4.0425,5.0942,3.3978,4.5939,4.1349,4.9991,4.896,3.0767,3.2256,4.1891,3.9777,4.1525,2.6704,3.4556,2.9293,4.7241,3.3995,3.8149,4.1461,5.452,4.9217,4.4397,5.1533,3.917,3.6174,4.415,3.9957,4.0687,3.4774,3.8505,4.3637,3.2846,3.8933,3.3254,4.0341,3.7686,4.0605,2.6114,2.8254,3.9215,4.4209,4.0991,4.1072,3.6674,2.4858,4.2215,4.1574
1.9763,2.4502,2.973,2.1865,3.6637,1.9492,1.6495,1.5024,2.2144,1.6291,3.1503,0,3.0645,1.9093,1.5961,2.0723,1.7361,1.8375,1.2196,2.4522,1.6826,4.3693,2.1673,1.4999,3.0547,2.3301,1.0147,2.7108,2.6429,2.5879,1.2013,3.0181,1.4521,3.7935,2.1595,1.2849,2.2122,1.9743,1.9258,3.3158,2.7927,2.0302,1.9788,3.4069,2.1117,2.6792,3.1625,2.103,1.1351,2.138,2.2294,2.131,2.4507,2.4748,2.6559,1.5403,2.0833,1.5329,1.9131,3.4353,2.6751,3.7323,3.1929,1.5495,2.3824,1.6836,3.6551,3.3464,2.9989,2.7886,1.9822,2.4322,3.0754,2.6696,2.2285,2.6967,1.9633,2.5239,2.4359,1.7111,2.2784,2.4148,2.1402,4.1558,2.5837,4.0653,2.5263,2.5686,2.4517,1.8127,2.9335,4.0003,2.3495,2.0816,1.5275,4.05,2.8328,2.8893,2.9955,2.8805,3.5484,2.6284,2.3291,3.8279,2.7138,3.1614,3.3091,2.6134,2.6236,2.6485,4.7523,3.1755,4.5553,2.0726,3.762,3.0849,3.4884,2.1511,4.534,2.3383,3.6821,4.2614,3.1421,3.6115,3.001,1.701,3.328,3.2238,3.749,3.168,3.138,2.5035,3.1746,3.2736,4.1356,3.3299,3.3568,4.4197,2.8599,3.5483,2.849,1.2036,3.7065,2.6971,2.8004,3.5071,2.7822,4.3947,3.0177,3.7936,3.6454,3.6531,2.4279,3.0207,2.9823,4.0754,3.6134,2.7924,2.8043,3.6659,4.2154,3.036,4.5412,3.0282,3.5853,3.7035,2.4614,2.6078,2.8105,3.9177,3.3681,3.9106,2.0471,4.4176,2.7773,3.8462,3.0274,2.844
1.6233,1.5442,2.5444,1.6932,1.7432,3.1081,3.2665,1.8854,1.0487,1.0204,2.9137,3.0645,0,2.3005,1.5248,2.7614,1.6293,1.7937,2.0613,1.2563,2.1119,2.2411,0.68232,2.8195,1.5972,2.158,2.7531,1.1238,2.1925,2.2326,2.271,1.8546,2.5152,2.5847,3.2877,1.7412,2.178,2.2764,1.7962,2.7971,1.9379,1.7765,1.5993,1.266,2.6103,3.498,1.5268,1.4668,1.7061,2.7278,2.7171,2.1314,2.6937,1.9759,1.9214,1.8621,1.4745,3.0003,2.2273,3.9492,2.2683,2.9952,2.5664,2.9044,3.0056,2.0899,2.2943,2.39,3.8036,3.4663,2.5037,3.56,1.5139,3.5637,1.8848,3.6207,3.3152,4.08,2.4887,2.5609,3.7853,2.5278,2.8591,3.2426,1.6468,2.4895,3.1769,3.2544,2.9712,2.978,4.3544,2.9759,3.7863,2.8069,3.6506,3.7347,2.773,1.8768,3.3153,3.0453,2.5587,3.0537,3.5624,2.1096,2.8775,2.9827,2.9652,1.843,2.7868,2.7098,2.0667,2.6117,3.2142,2.5901,2.9284,3.1512,1.9103,2.1354,3.1777,2.6288,2.2604,3.0982,4.3086,2.543,2.9424,2.9592,2.5751,4.2969,2.4774,3.269,1.8452,3.1228,4.2497,2.6755,3.3016,3.5941,3.3021,3.1527,3.4134,3.8455,3.1636,3.588,3.3898,3.393,4.1427,3.021,5.285,3.8682,4.0669,4.2769,3.2624,3.5969,3.5077,2.4046,3.849,3.9341,3.4611,4.4993,3.7558,4.1288,2.6524,2.796,3.3774,3.1619,4.2674,4.0247,2.6305,3.1722,2.921,3.2647,3.93,3.1626,2.7885,3.9088,3.927,3.9009,3.9344,3.1176
2.285,3.0441,1.5538,2.626,2.9958,2.1269,1.2577,1.4152,1.7887,1.5944,1.4743,1.9093,2.3005,0,1.4374,1.7304,2.0947,2.1579,1.5978,2.5402,1.1744,2.8658,1.8396,2.2852,2.327,1.9791,1.5733,1.4831,2.2541,1.7062,1.3668,1.9158,1.1406,2.7721,1.8811,1.5261,1.0921,2.2023,2.3434,2.9594,2.6249,2.5619,2.9148,2.0797,1.4092,2.5364,1.4894,1.7451,1.5615,1.3129,1.7021,2.736,2.2868,2.9673,1.9133,1.4748,2.3963,1.9318,1.994,3.8536,2.8187,3.0169,3.3439,2.177,2.8466,2.9308,3.3098,2.4234,2.7557,3.3416,2.9093,2.5071,3.6818,2.4944,2.6731,3.3367,1.6955,2.5135,2.0989,2.1717,3.2478,2.1629,3.2622,3.0781,2.7728,2.8451,3.4829,3.7373,2.4982,2.4274,2.9642,2.9339,2.4751,2.4647,2.5722,3.3035,3.2792,1.7287,2.4061,2.3128,3.9221,3.2247,3.457,2.8665,3.1462,2.5066,2.4789,2.8627,2.8744,2.2376,3.3825,2.2221,4.608,3.1927,2.4684,3.4544,3.0888,3.3216,4.114,1.8917,3.352,3.7388,3.8389,3.4104,3.8504,2.7583,2.676,3.4267,3.7664,4.2404,3.035,3.8408,4.5323,3.2441,3.4511,2.9248,3.7959,4.5093,2.8912,3.5619,3.5587,2.7546,4.3169,3.1606,3.2838,3.033,3.899,3.717,3.3374,3.7104,4.2882,4.5048,3.864,3.2461,3.6635,3.5299,2.9718,3.8737,2.9532,3.2079,3.9245,3.4291,3.6637,3.4346,3.9597,4.1793,3.4611,3.3526,3.392,3.1414,3.0795,3.4182,2.9533,3.6209,2.9132,3.6066,4.0604,2.9742
1.3801,2.2111,1.6703,0.71129,2.5311,1.6645,2.5544,1.5212,1.3852,1.4439,2.7437,1.5961,1.5248,1.4374,0,2.6086,1.2754,1.9365,1.3431,1.9893,1.7453,3.1835,1.5879,2.5103,3.3615,2.514,2.0006,2.0509,2.2972,2.2973,1.3182,1.4054,1.8218,2.2777,3.3683,1.323,2.0816,1.9353,2.9488,2.2207,1.8182,1.3174,1.1879,2.5932,1.9652,3.0808,2.0366,1.5669,1.0851,2.1142,1.5367,2.0029,2.5903,1.6207,2.079,1.6125,1.261,1.4705,2.1961,4.2541,3.0207,3.9736,3.785,2.5343,4.0976,2.4816,2.8733,3.1942,4.0612,3.2887,3.4244,3.1891,3.0156,2.8626,2.4189,3.8337,2.9625,3.4927,2.9591,2.3976,3.3903,3.0985,3.4769,4.431,2.4508,3.2442,4.285,3.6369,3.7419,2.7313,4.9084,4.022,3.6294,3.2468,3.0762,3.4655,3.9025,3.092,2.6256,2.544,3.2665,4.4116,3.5495,3.6798,2.8463,4.1808,4.0579,3.0925,3.3772,3.4773,3.0054,3.3038,4.675,2.9503,4.3291,3.6881,3.2866,2.8615,4.8934,3.024,3.1763,4.2024,3.9932,3.0264,3.0891,2.7582,3.6028,4.0691,3.3235,3.81,3.2753,3.8983,4.3636,3.8321,3.7806,4.5785,4.3425,4.5546,4.4153,4.4874,4.5296,2.9259,4.9194,3.7746,4.3928,3.7923,4.6906,5.2284,4.3397,4.3892,3.5203,3.8564,3.1296,3.074,4.8105,4.9891,4.1039,4.9966,2.8691,3.8244,4.1797,3.776,4.7901,3.8835,4.7858,4.5075,2.6655,3.3061,3.2868,3.7362,4.492,4.542,3.0147,5.0101,3.7939,4.3648,3.829,3.4111
1.6939,2.1187,2.363,2.5968,2.2058,0.80999,0.88103,1.5209,2.7628,1.5769,1.3398,2.0723,2.7614,1.7304,2.6086,0,0.99077,1.468,0.8941,2.5719,1.2495,1.8415,2.0357,2.0526,1.6173,1.6732,1.6617,1.7736,2.2431,2.2087,1.6622,1.8161,1.1747,2.3916,1.0178,2.0483,2.1747,1.3558,2.3903,2.2929,1.9262,2.3498,2.5398,2.8279,1.1926,1.9878,1.7209,1.7183,1.6536,1.8204,1.79,1.2305,1.1016,2.0524,1.8434,0.75336,2.7696,1.7337,1.1053,4.3626,3.4702,2.1616,1.9844,1.7798,2.2576,2.2186,2.5547,1.9959,1.4703,2.5062,2.2756,2.272,3.4758,2.1932,2.0861,2.7387,2.0126,2.8788,2.0576,1.8749,2.0813,1.6941,2.1373,3.2421,3.3136,2.8025,2.6088,2.6726,1.3716,2.8136,1.7371,2.6968,3.1995,1.9097,2.6415,2.094,2.0064,1.9194,1.7603,2.6698,2.4464,2.3435,1.6695,2.7082,2.1466,2.7865,1.7122,2.2705,2.381,2.2722,3.6167,2.4244,2.6555,3.5026,1.7175,3.2438,2.8653,2.6629,3.3978,2.3797,2.5379,3.8791,2.6822,3.7608,3.472,2.8288,2.5057,3.2014,3.683,3.4137,2.545,2.5371,2.9348,2.3016,3.078,2.3622,3.8944,3.5489,2.9244,1.8417,3.519,2.7269,2.3786,2.2785,2.0343,2.4336,3.6396,3.023,2.0785,2.6262,4.1263,3.2931,3.653,3.9082,2.2498,2.894,3.4186,3.5073,3.3207,3.3309,3.122,2.2846,2.1764,2.6002,2.8464,2.9558,3.1047,3.4911,2.8265,2.7628,3.2453,3.899,2.6986,3.0705,2.8104,2.2723,2.6647,2.6051
0.68084,1.6029,2.3555,1.1832,1.1789,0.75387,1.9264,1.5858,1.799,1.2382,2.1404,1.7361,1.6293,2.0947,1.2754,0.99077,0,0.9505,0.79579,1.4635,1.5061,2.2076,1.5872,2.0679,1.824,1.5501,1.4581,1.7476,1.8314,2.1046,1.1273,1.4075,1.2429,1.5802,2.0911,1.7784,2.2274,0.89447,2.3765,1.3077,1.4007,1.01,0.92464,2.4485,1.3057,1.8868,1.6149,1.0753,0.97805,2.5495,1.9113,0.85231,1.2075,0.6382,1.322,0.86822,1.6516,1.7528,1.4418,4.3372,2.656,2.5309,2.3166,1.9923,2.7252,1.8068,1.7177,2.3255,1.8846,2.277,2.1084,1.9356,1.9992,2.0532,2.1802,2.8462,2.4792,2.9102,2.1034,1.4096,2.1611,2.3517,2.0865,2.7291,2.1273,2.4335,2.6125,2.7058,2.1887,2.3235,2.9576,2.5982,3.1915,2.0013,2.7088,1.6422,2.0432,2.3271,1.6847,2.2785,2.0424,3.2784,1.5583,2.4844,1.4711,3.217,2.3838,1.5269,2.4581,2.4273,2.6513,2.7143,2.3795,2.83,2.5568,3.3952,2.7554,2.1122,3.1136,2.4409,2.2098,3.227,2.066,2.6274,2.5936,2.3636,2.3609,3.0238,1.9461,2.3762,2.0579,2.5037,2.5754,2.1869,2.8214,3.0078,3.1895,2.9957,3.1046,2.2673,3.4085,2.5299,2.1685,2.3345,2.5519,2.0493,3.4834,3.4778,2.1376,2.6041,2.5892,2.152,2.3149,2.8076,2.8255,3.0991,3.507,3.7155,2.0096,3.0528,2.7796,2.0597,2.3776,2.1218,3.0522,2.2065,1.9187,2.8769,1.9724,2.4991,3.9263,3.7746,1.9855,3.1555,2.3039,2.4332,1.9131,2.1889
1.3705,1.9447,3.1306,2.1154,1.2102,1.3873,2.4827,1.5788,2.2063,0.81741,1.8154,1.8375,1.7937,2.1579,1.9365,1.468,0.9505,0,1.1863,1.3995,2.1544,3.1909,2.0023,1.108,1.2604,1.4075,1.076,2.5456,2.5321,1.892,1.3224,2.5012,1.8419,2.6152,2.8117,1.3147,2.0496,1.319,1.6163,2.4809,2.3481,2.3741,1.6605,2.63,1.8726,2.0062,1.5302,1.8957,1.6587,1.6195,1.7792,0.9758,1.6121,2.0121,1.8816,1.3643,2.0726,2.2238,1.0313,4.5431,2.545,2.7842,2.0948,1.8819,1.8421,1.604,1.9856,2.8387,2.6017,3.8518,1.5286,2.2151,2.7872,2.7778,1.7886,2.7989,2.8895,3.335,2.8053,1.6854,3.2864,1.7169,1.5604,2.5032,2.3781,2.619,1.9613,2.6136,2.31,2.4403,2.5933,3.5414,3.382,1.8758,2.1232,2.6448,2.3393,2.6531,3.0938,2.1336,2.646,2.4069,1.8201,2.0648,2.1711,2.5807,2.1986,1.7241,2.602,1.8384,2.9378,2.8104,2.2921,2.1837,2.4711,2.4408,2.9131,2.1202,4.262,2.7584,2.8665,2.0585,2.6988,2.1021,2.1596,1.4742,2.6152,2.1255,2.8935,2.1566,2.7025,2.4874,4.1658,2.5835,4.0093,3.6509,2.9423,3.0009,2.3984,2.9033,2.1493,3.0397,1.9866,1.8525,3.1147,2.5234,3.8938,3.548,3.0824,3.4758,3.3938,3.4857,2.4876,2.7568,2.1913,2.8532,3.8656,2.6131,2.7999,2.6486,1.9184,3.1599,2.607,3.5217,3.0376,2.9372,1.6759,2.1055,1.4284,3.0118,3.9534,3.8683,2.506,4.4553,3.477,2.6909,2.0675,2.5427
1.0793,1.6357,2.8506,1.4672,2.4783,1.1875,1.4061,1.8699,2.0422,1.1318,2.2467,1.2196,2.0613,1.5978,1.3431,0.8941,0.79579,1.1863,0,2.1298,1.1597,3.2804,1.7207,2.0471,2.0418,2.0865,1.3582,2.1737,1.9332,2.7589,1.1959,2.363,1.562,3.0841,1.951,1.9501,2.2471,1.8539,2.0746,2.9621,1.9592,2.1996,1.7497,3.0502,1.8088,2.4548,1.9133,1.1034,1.139,2.0388,2.3559,1.248,0.8001,1.7949,2.2464,0.87599,2.0399,2.0728,1.1785,5.2983,3.49,3.4116,3.1196,1.9556,2.7576,2.0869,2.4755,3.2288,2.5638,3.1072,2.7132,2.9102,2.9609,2.5959,2.1881,3.42,2.9609,3.736,2.3273,2.1766,2.6741,2.1195,2.7517,3.862,2.9728,3.8352,2.977,3.1838,2.6168,3.0275,3.5121,4.072,3.7983,2.2531,2.5767,2.7959,2.7719,2.477,2.2334,3.3139,3.2905,3.1769,2.514,3.6249,2.8342,3.7596,2.8978,2.612,2.823,2.445,4.0631,3.8256,3.9668,3.4605,3.3031,3.8041,3.8703,2.8541,4.5481,3.0808,3.2668,3.6683,3.8596,3.8625,3.49,2.9825,3.3282,4.2663,3.9221,3.3353,3.3318,3.1854,3.7832,3.3881,3.9939,3.4078,3.9515,4.4282,3.7852,3.1957,4.0325,3.0252,3.5661,3.3043,2.7428,3.5116,4.6659,4.6918,2.9399,3.6915,4.109,3.7885,3.5619,3.4508,3.3095,3.6654,4.3422,3.9476,2.9815,4.1873,3.8375,3.1047,3.6439,3.1401,4.3835,3.8205,3.0205,3.453,3.3208,3.9645,4.6789,4.5483,2.6345,4.2684,3.371,3.6108,2.7025,2.8143
0.99661,2.2609,3.3318,1.7271,1.6267,2.8643,3.0107,1.7562,1.0253,0.75602,2.7225,2.4522,1.2563,2.5402,1.9893,2.5719,1.4635,1.3995,2.1298,0,2.1487,3.1387,1.1699,2.1159,1.4333,2.1753,1.447,1.6591,2.2346,1.7854,1.6137,2.3396,2.2326,2.467,2.9696,1.8242,2.0567,1.5706,1.5385,1.334,2.5122,1.6922,0.77454,1.2031,1.6654,1.3985,1.5638,1.2635,1.5571,2.4617,2.403,2.114,1.6801,1.9014,1.0582,1.9372,1.1265,3.2399,1.8092,3.9382,2.6319,3.3814,2.2443,1.8411,2.9625,2.1472,2.0747,2.5447,3.2045,2.6235,1.8561,1.874,2.2121,2.5983,2.5105,3.4679,2.5757,3.3036,2.1174,1.9203,3.5952,2.8098,2.8797,2.4907,1.3563,2.2475,2.4873,3.4223,2.9514,2.9236,3.9635,3.1229,3.665,1.5141,2.1209,3.168,2.1221,1.9661,3.0975,2.2909,3.4013,3.0785,2.1944,1.8816,2.4695,2.7783,2.9203,2.0952,3.4318,1.6418,1.8885,2.7128,2.9457,2.5886,3.009,3.4405,2.2019,2.2109,3.5017,1.8791,2.8393,2.1341,3.0528,2.0448,1.7237,1.9779,2.6686,3.6607,2.0595,2.7647,2.0751,2.7726,4.4206,2.1791,4.6929,4.307,2.9361,3.9809,2.7853,4.4854,2.6623,3.0652,2.9574,2.9967,3.0045,2.8157,4.2729,3.0732,2.9662,3.4322,3.2418,3.2022,2.272,2.5247,3.4791,3.6476,3.407,3.7663,3.1313,3.5814,2.7331,2.7148,3.6086,2.8952,3.397,3.3739,2.1523,2.5262,2.4723,3.0435,4.3318,3.6989,2.1658,3.5642,3.159,3.4399,3.4274,3.3824
1.1592,1.6144,1.8637,1.8272,2.3711,1.9751,1.0442,1.383,1.8608,1.1767,2.1783,1.6826,2.1119,1.1744,1.7453,1.2495,1.5061,2.1544,1.1597,2.1487,0,1.8252,1.0041,1.9983,1.8047,1.3922,1.9098,1.4511,1.6435,2.4847,1.5995,2.0897,1.2945,2.9947,1.5785,1.3268,1.4238,2.2348,2.387,2.6137,1.4607,1.9666,2.2266,1.7947,1.2555,2.6515,1.6199,0.97498,1.2153,1.89,2.2237,1.8648,1.5652,2.7341,2.1408,0.60253,1.8237,1.8545,1.8004,4.2182,3.2482,2.7405,2.8824,1.5691,2.285,2.2164,2.5234,1.8633,2.456,1.8849,2.8111,2.6354,2.3771,1.9366,1.365,3.0095,1.8089,2.4887,1.4193,1.6716,1.6907,1.3507,2.8523,3.642,2.0735,2.6888,3.2741,2.6113,1.9011,2.2092,3.0997,2.7808,2.8686,1.5857,1.9613,2.3657,2.0242,1.3497,1.634,2.8579,2.718,2.513,2.4093,2.7755,2.3929,2.548,2.06,2.2121,1.4899,2.1284,3.0275,2.1655,4.3647,3.0666,2.0199,3.2841,2.3374,1.8322,3.5014,1.84,2.4724,3.5626,3.3725,3.1387,3.2078,2.4738,2.5353,3.9523,3.4207,3.5372,2.4262,2.6791,3.1314,2.9134,3.0483,2.8066,3.9976,3.9457,3.5979,2.4747,3.9814,2.3748,3.8777,3.0429,2.5423,3.1921,4.1587,4.1872,3.0441,3.1821,3.7681,3.721,3.3689,3.5296,3.503,3.7159,3.4449,4.2739,3.3632,4.4198,3.7741,2.7563,3.0884,2.4828,4.3674,4.0073,3.288,3.6174,3.5914,3.0954,3.1428,3.7343,2.6595,3.6809,3.1798,3.4086,3.3805,2.4563
2.6148,2.2794,1.3966,2.9584,1.8226,2.4594,2.5669,1.9832,2.9947,2.6519,2.6675,4.3693,2.2411,2.8658,3.1835,1.8415,2.2076,3.1909,3.2804,3.1387,1.8252,0,1.6407,3.5279,2.372,1.9654,4.0194,1.548,2.5904,2.8689,3.3851,1.537,2.1169,2.3299,2.4505,2.1066,2.5037,2.2476,3.9023,2.3758,1.4188,1.8419,3.3379,1.8252,1.8931,3.4493,1.6251,2.4884,2.5596,2.8805,2.4295,2.4129,3.5289,3.0683,2.6137,1.6579,2.9376,2.3534,2.9173,4.4616,3.7699,2.0049,2.4243,3.1936,3.5495,3.1693,3.0515,1.2891,3.0409,3.1404,3.3228,3.8467,2.7836,2.9721,1.9426,3.1163,2.8915,3.0048,2.939,2.3476,2.6207,2.1129,2.8418,3.5898,3.2624,2.0019,3.9511,2.475,1.7369,3.1566,2.9716,2.0507,3.4906,2.8322,4.0867,2.7944,2.3747,1.9427,2.3013,2.6728,2.0029,2.8123,2.5577,2.3012,2.3412,2.5495,1.9742,2.1595,2.2207,3.6728,2.0255,1.4747,2.6899,3.9233,1.712,3.0871,1.4565,2.2157,2.9446,2.2794,1.5085,4.422,2.8498,2.4757,3.0669,3.3765,2.5703,3.4507,3.4271,3.5911,2.2283,2.7615,3.005,2.1342,2.2523,2.9221,4.0379,2.2007,4.057,2.0224,4.3259,3.412,2.9469,2.635,3.4226,2.3912,4.0808,3.1914,3.5353,2.8072,3.5747,3.4962,4.3816,4.0131,3.7167,3.5911,3.0481,5.3506,4.8497,4.3545,2.5821,2.5862,1.9498,3.0135,3.8989,3.5883,3.4652,3.9876,3.6117,2.113,2.5667,3.834,3.7526,3.1957,3.891,2.9332,4.1086,2.628
1.1106,1.3255,1.756,1.3602,2.0161,2.6224,2.0033,1.0886,0.70618,0.8937,2.9265,2.1673,0.68232,1.8396,1.5879,2.0357,1.5872,2.0023,1.7207,1.1699,1.0041,1.6407,0,2.5447,1.4315,1.686,2.3411,0.89034,1.2355,1.8724,1.906,1.7418,1.5841,2.2444,1.8456,1.0729,1.7198,1.9818,1.4843,2.2894,1.0044,1.4947,1.4479,1.0071,1.6669,2.6931,1.3647,1.0282,1.0145,1.9894,2.4887,2.1753,2.0765,1.9528,1.6187,1.2265,0.77288,2.3021,1.7164,3.4409,2.3553,2.5448,1.8932,1.8309,2.6832,1.6466,2.4773,1.7561,3.0675,2.3059,2.239,2.8529,1.5099,2.2409,1.466,2.9309,2.4247,3.1583,1.7279,1.8283,2.5727,2.0869,2.3148,3.5825,1.7567,2.258,2.4641,2.0426,1.995,2.5546,3.4323,2.6423,2.8851,1.9464,2.7129,3.4985,2.1999,1.2037,2.5562,2.4272,2.7044,1.9424,2.3683,2.2715,2.6248,1.938,2.5409,1.8432,2.2096,2.2388,2.1294,2.0014,2.9657,2.2785,2.4412,2.3271,1.2519,1.2839,3.2508,1.7791,1.6599,2.7514,3.574,2.6078,2.1605,2.3381,2.1834,3.7503,2.6939,3.3429,1.9577,2.709,3.6293,2.5021,3.238,3.1086,3.4259,3.3132,3.3185,3.5383,2.9211,2.5799,3.2468,3.2511,3.4828,3.1501,4.6095,3.6056,3.4836,3.8383,3.427,3.668,3.3413,2.5281,3.3493,4.0279,2.9118,4.2226,3.8608,4.1328,3.1079,2.2007,3.4156,3.0152,4.0393,4.1534,2.9983,3.3277,3.5387,3.3398,3.2929,3.3356,2.5412,3.6292,3.7074,4.1819,4.106,2.9097
2.2203,2.0709,3.4762,3.0731,2.1475,2.3039,2.4817,1.6272,3.2539,1.2502,1.7078,1.4999,2.8195,2.2852,2.5103,2.0526,2.0679,1.108,2.0471,2.1159,1.9983,3.5279,2.5447,0,1.5312,1.3348,0.65007,2.8605,3.9099,2.4193,1.8432,3.1592,1.9177,3.889,3.5149,1.2052,1.8175,1.7776,2.0838,3.1426,3.6375,2.5737,2.3997,3.0868,1.9184,2.263,2.3987,2.7075,2.7431,1.9359,1.8128,1.176,2.654,3.4129,2.7157,1.8884,3.3699,2.1214,2.2392,4.5542,2.9477,3.804,3.3503,2.0482,1.9282,2.3719,2.7857,2.3929,3.1354,3.8225,1.9342,2.3694,3.4477,3.2108,1.3278,2.861,2.2761,2.494,3.1159,1.7248,2.5063,1.3592,1.7618,2.7845,1.8584,2.7397,2.8664,3.0348,2.1072,1.2601,2.6057,3.1804,2.8685,1.5711,1.2415,2.9473,2.4353,2.8072,3.3185,2.8721,2.6547,2.8028,2.1883,2.0624,1.5104,2.8631,1.7869,1.9811,1.8491,1.7417,3.8066,2.4549,4.098,2.3972,1.9839,2.9437,2.9105,2.3171,4.4361,2.1936,3.4724,2.8584,2.3837,2.2912,2.7242,0.83977,2.9705,2.3966,3.3456,2.5584,3.3223,2.6163,4.6762,3.3007,4.6088,4.0518,3.5614,3.8123,2.7712,2.8833,2.5633,2.3925,3.0506,2.1156,3.165,3.0894,3.5309,4.168,3.9328,3.8254,4.5103,4.6234,3.1609,4.2339,3.2073,3.9106,4.5125,2.8389,3.5468,3.9823,2.892,4.3318,3.2466,3.4371,3.9,3.8374,2.4895,2.4556,2.0657,3.4453,3.309,4.3941,3.1117,5.0146,3.6271,2.9205,3.0797,3.2945
1.7891,1.7756,3.4743,3.5121,1.5911,2.8857,2.3316,2.1296,2.5503,1.0171,1.8054,3.0547,1.5972,2.327,3.3615,1.6173,1.824,1.2604,2.0418,1.4333,1.8047,2.372,1.4315,1.5312,0,1.607,1.6784,1.9699,2.602,1.7539,2.3861,3.1611,2.0716,3.612,2.353,1.9939,2.0803,2.1401,1.2344,2.886,2.7316,2.9424,2.5314,2.0991,1.9945,2.4877,1.1306,1.6675,2.5641,2.5752,2.9106,1.5886,1.8309,2.7756,1.7703,1.5761,3.0206,3.728,1.6602,4.9486,3.2009,3.1533,2.496,2.3343,1.8438,2.442,1.9561,2.0466,2.8609,3.499,2.0093,2.3423,2.1712,2.9034,1.8289,2.8731,2.8153,3.5379,2.4426,1.8352,3.1318,1.5221,1.8064,2.328,1.9271,2.3467,1.9252,3.0344,1.9968,2.5451,2.4362,2.7304,3.7262,1.3924,2.4557,2.6788,1.6865,1.4441,3.1613,2.9269,2.6093,1.9893,2.0272,1.6015,2.0676,2.1405,1.1521,1.5289,2.1925,1.0991,2.6843,2.2592,2.7111,3.0514,1.3514,3.0483,2.4158,2.4984,3.333,2.1246,2.1753,1.9446,2.8802,2.3877,2.4767,2.2005,1.8113,3.3438,2.6501,2.6753,2.6389,3.2699,4.7996,2.49,4.5037,3.2628,3.3729,3.4915,2.671,2.9393,2.313,3.8509,2.058,2.6778,3.0285,2.5802,4.7952,3.4098,3.3762,4.0121,4.14,4.0522,4.2712,3.7751,2.7932,3.1146,3.9909,3.688,3.877,3.9755,2.6251,3.4192,2.513,3.3332,3.9121,3.4537,3.4476,3.4029,2.6622,3.1909,3.8352,3.6154,3.3901,3.863,3.534,3.3186,3.4805,3.3753
2.0542,2.2442,2.2933,2.4062,1.4981,2.4752,2.456,1.1348,2.4177,1.6157,2.1033,2.3301,2.158,1.9791,2.514,1.6732,1.5501,1.4075,2.0865,2.1753,1.3922,1.9654,1.686,1.3348,1.607,0,1.7127,1.9289,2.8191,2.9685,1.7767,2.262,1.4374,2.2877,2.5937,1.1599,1.5013,1.8288,2.4533,2.7592,2.3436,2.2215,2.6197,1.7709,1.8198,2.3389,2.3311,2.6285,2.0609,1.7746,2.5257,1.721,2.6159,2.8534,2.7572,1.4733,2.4983,1.7622,2.4505,4.8323,2.2597,2.6328,2.7544,2.1875,1.9179,1.7626,3.5212,2.0568,2.3827,3.1081,1.9858,2.5165,2.8828,2.2772,1.2834,3.2805,2.4937,2.4063,2.0812,1.3193,2.274,1.7776,1.9086,2.3379,1.8284,2.4464,2.7783,2.2802,1.19,1.626,2.4249,1.8196,1.9714,1.9678,2.3329,2.4204,1.9931,2.1918,2.9569,2.6086,2.8643,2.8191,2.3202,1.9292,2.0922,1.7903,2.0985,1.4464,1.4739,2.0413,2.9839,1.8847,3.0098,2.2027,1.3074,2.3269,1.9045,1.35,3.5346,1.8704,2.6305,2.0238,1.9878,2.6205,2.9715,1.5513,2.3477,2.0213,2.8446,3.1935,2.2692,1.9734,3.6328,2.7061,3.0995,2.7567,3.2384,2.2116,2.6071,1.8636,2.4627,2.2398,2.5867,2.1117,3.2432,2.8066,3.6424,3.0443,3.1933,2.8328,3.8941,4.121,2.5932,3.1337,2.855,3.3135,2.893,2.3743,2.8796,3.6174,2.3714,2.4341,2.1327,2.4918,3.4186,3.6747,2.0218,2.9668,2.2957,2.6087,2.516,3.6978,2.3126,3.2686,3.0296,2.4109,3.2537,1.943
1.6657,2.5862,3.2348,2.5,2.3519,1.8071,1.7718,1.5308,2.3952,1.0805,1.7206,1.0147,2.7531,1.5733,2.0006,1.6617,1.4581,1.076,1.3582,1.447,1.9098,4.0194,2.3411,0.65007,1.6784,1.7127,0,2.2703,2.9131,1.7522,0.95701,2.6774,1.3847,3.0649,2.4528,1.5417,1.57,1.2901,1.7181,2.317,3.4123,2.1077,1.6171,2.7003,1.2504,1.2778,2.1322,1.804,1.8126,1.9082,1.8276,1.6589,1.5427,2.2708,1.6026,1.6519,2.5688,2.099,1.6685,3.9798,2.5415,3.5233,3.1353,1.5302,2.2125,2.3175,2.5897,2.5676,2.2639,3.1699,1.7202,1.4341,3.3097,2.4017,2.3137,2.8824,1.775,2.143,2.4336,1.4653,2.661,2.0817,2.1308,2.2782,1.779,2.8197,2.4258,3.3131,2.1538,1.4349,2.5101,2.9864,2.5617,1.3597,1.116,2.8967,2.4113,2.3835,2.5477,2.3749,3.3994,3.1076,1.7817,2.2475,1.7299,2.6433,2.1003,2.1141,2.696,1.2114,3.6301,2.6246,3.707,2.3514,2.2575,3.4343,3.2134,2.8263,3.937,1.6853,3.3946,2.5577,2.233,2.6907,2.5972,1.151,2.5374,2.483,2.6271,2.5078,3.0383,2.9607,4.1631,2.8466,4.3493,3.4278,2.9306,4.3292,2.1861,3.259,2.399,1.9916,2.9518,2.3575,2.3258,2.5862,3.0553,3.2979,2.5096,3.2992,3.9689,3.6377,2.4978,3.2789,2.8473,3.2288,3.7549,2.4364,2.2813,2.9588,3.1905,3.4166,3.3787,2.7725,3.162,3.0414,2.3894,2.2572,2.0404,3.1388,3.5362,3.687,2.2053,3.7924,2.3151,2.8539,2.6345,3.042
1.8272,2.4413,1.5996,2.0728,2.1369,2.5649,1.8087,1.3175,1.1007,1.4411,2.0252,2.7108,1.1238,1.4831,2.0509,1.7736,1.7476,2.5456,2.1737,1.6591,1.4511,1.548,0.89034,2.8605,1.9699,1.9289,2.2703,0,1.7738,1.8073,1.6506,0.87102,1.461,1.6176,1.6731,1.7634,1.3108,1.4713,2.2584,2.2619,2.0701,1.4098,2.14,0.76184,1.1156,2.1244,1.5296,1.2736,1.4177,2.0428,2.0781,2.674,2.2997,2.2993,1.1806,1.4031,1.6218,2.2719,2.2504,2.5977,1.9727,1.6591,1.7751,2.0719,2.8494,2.6032,2.5992,0.99987,1.9241,1.9071,1.8928,2.452,2.097,2.0497,2.0484,2.9871,1.384,2.1414,1.3233,2.268,2.624,2.1195,2.9237,2.4079,1.8015,1.5028,3.0211,2.7527,1.6409,2.212,3.0088,1.4329,2.31,2.1084,2.8086,2.8498,1.9541,0.89438,1.8039,2.4063,2.7455,2.5414,2.789,1.4596,2.2976,2.0122,2.0401,1.8036,2.6047,2.226,1.9319,1.4566,3.1306,2.7747,1.7035,3.1413,1.0658,2.1451,2.3323,1.09,2.2817,3.7798,3.5174,3.0148,3.4175,2.8107,2.2937,3.481,2.3217,3.5357,1.0715,2.456,2.7624,1.5759,2.016,2.2949,2.7662,3.3172,2.6325,2.8583,3.315,2.2007,3.2621,2.9599,2.3399,1.8708,3.65,2.2865,2.2982,2.467,3.2054,3.0312,2.8171,2.5466,3.0876,3.061,2.3336,3.852,3.4293,3.4634,2.7158,1.7587,2.386,1.8774,2.9856,3.2013,2.7653,2.8292,2.9844,2.1521,2.3823,2.4395,2.0678,2.3035,2.4706,2.8223,3.6064,2.5704
1.27,3.0583,1.9917,2.2773,2.2365,2.4822,1.8248,2.4555,1.967,2.0445,3.9186,2.6429,2.1925,2.2541,2.2972,2.2431,1.8314,2.5321,1.9332,2.2346,1.6435,2.5904,1.2355,3.9099,2.602,2.8191,2.9131,1.7738,0,2.2067,1.4569,2.4247,2.0912,2.5012,1.5314,2.2733,1.8695,2.1861,3.1247,3.2795,1.6331,2.243,2.304,2.2909,1.8935,3.1015,1.5576,0.84576,0.88882,3.1404,3.3701,3.207,2.0853,2.3262,1.8451,1.3622,1.5187,3.1727,2.1054,4.3346,3.1354,2.5195,2.5962,2.0486,2.7934,2.8851,2.4035,2.5766,2.6822,2.8285,2.8399,2.555,1.8233,1.4665,3.0793,3.0216,2.9465,2.8979,2.4898,2.2783,3.1337,2.3009,2.859,3.8122,3.0628,2.436,2.4796,1.6038,2.8069,3.0955,3.9341,3.6211,3.8638,2.1031,2.6742,3.5887,2.3171,1.687,1.8458,2.0027,3.9486,2.6774,2.2396,3.3732,3.4932,2.4421,2.8561,2.676,3.9124,2.3879,2.9371,3.1291,2.707,3.0455,3.3854,2.8707,2.6969,2.6732,4.4764,2.2808,2.4335,3.458,4.2358,3.1464,2.7179,3.5338,3.3832,3.4977,3.0562,2.6097,2.9948,4.0282,3.0404,2.7319,2.9437,3.6567,2.7897,4.1763,4.0814,3.7244,4.122,3.2437,3.5623,3.7113,2.8319,2.9137,4.8095,4.5114,2.8719,3.9901,2.9631,3.2015,3.1991,2.9013,3.9106,3.2932,4.225,5.1351,4.0456,3.874,3.7711,2.7337,3.2271,3.5634,4.7763,3.3239,3.5278,3.2818,3.7517,3.0757,4.52,3.687,3.2104,4.4476,3.6124,5.2872,3.0593,2.7478
2.2688,3.5703,1.9335,3.2541,2.712,2.0372,1.8625,1.4631,2.3501,1.4451,1.6621,2.5879,2.2326,1.7062,2.2973,2.2087,2.1046,1.892,2.7589,1.7854,2.4847,2.8689,1.8724,2.4193,1.7539,2.9685,1.7522,1.8073,2.2067,0,1.6595,1.7944,1.916,2.5456,1.8068,1.5215,2.0661,1.8682,1.9418,1.9971,2.7016,2.3156,2.1464,2.3909,1.5174,2.5412,1.1487,1.7904,1.7434,2.188,1.4444,2.9084,2.894,1.9819,0.55255,1.6783,2.2347,2.4655,1.348,2.4482,2.9877,3.19,2.5152,2.1324,2.8737,2.9507,2.587,2.1905,3.4135,3.1162,2.3947,1.605,3.0066,2.0482,2.9285,2.6688,1.8982,2.6578,2.9777,1.868,4.0631,2.6342,2.3733,3.3522,2.6091,2.2418,2.567,3.2153,2.929,2.4299,2.584,3.2768,3.6238,2.3951,2.567,3.7203,2.8261,2.0936,2.7665,1.5149,2.804,2.5954,2.2683,2.4186,2.4446,2.2424,2.2591,2.8297,3.7589,1.8642,2.3579,1.534,2.8763,2.3895,2.5243,3.0696,2.4992,3.3898,3.5606,1.8605,1.9908,3.0692,2.8986,2.3498,2.2252,2.2154,1.6706,2.5226,2.3535,3.0647,2.6275,4.3941,4.2582,2.3666,4.0324,3.4413,3.4715,4.4028,2.2995,3.9855,2.405,3.0373,3.0882,2.6519,3.3317,2.1074,3.7458,2.9259,3.2386,4.4357,3.1215,2.9448,3.5294,3.1318,3.0211,3.3339,3.2869,3.8254,3.1912,1.7666,3.4782,3.539,3.7269,4.0798,2.6883,3.0527,3.3379,2.9487,2.1374,2.2632,3.2349,2.5817,3.5444,3.9107,2.7482,3.6657,3.8049,3.9889
1.1937,3.4291,2.1736,1.6974,2.2669,1.5074,1.3386,1.5721,1.9024,1.0526,1.7896,1.2013,2.271,1.3668,1.3182,1.6622,1.1273,1.3224,1.1959,1.6137,1.5995,3.3851,1.906,1.8432,2.3861,1.7767,0.95701,1.6506,1.4569,1.6595,0,1.5989,1.7053,2.3428,1.8409,1.4644,1.6533,1.4139,2.6417,2.4235,2.7745,1.8067,1.3994,2.1429,1.2871,1.8199,1.9466,1.1365,0.64744,1.9285,1.5211,1.9175,1.534,2.0444,1.4452,0.86576,1.6019,1.6476,1.357,3.6947,2.8963,3.2286,2.7481,1.1166,2.2534,2.1167,2.347,2.5927,2.5551,2.3605,2.0287,1.0278,2.9109,1.3143,2.3624,3.529,1.7763,2.4165,2.0479,1.5314,2.8428,1.884,2.6585,2.8773,1.8611,2.6019,2.7711,2.5194,2.4224,1.7137,3.1561,3.1473,3.0464,1.5632,1.5097,2.8838,2.4833,2.2308,1.6566,1.6042,3.3427,3.3084,2.2795,2.7096,2.4568,2.7455,2.7531,2.4893,3.1979,1.4302,2.7693,2.6285,3.5659,2.1195,2.7596,3.0869,2.7818,2.5559,3.974,1.6956,3.3191,2.9852,3.0185,2.7931,2.5569,2.0076,2.9498,2.4499,2.349,2.4997,2.6239,3.1026,2.9646,2.7407,3.334,3.6777,2.9242,4.3746,2.7206,3.2614,3.4715,2.1926,3.7885,2.6011,2.3644,2.6183,3.6964,3.4419,2.2869,3.4339,3.3665,3.0619,1.6453,2.851,3.3524,2.9345,3.8099,2.934,2.3097,2.5457,3.5291,2.8427,3.3773,2.7385,3.0746,2.8483,2.179,2.4862,1.9732,2.5359,3.9781,3.4478,2.1436,3.8273,2.4397,3.3218,2.5484,2.6386
2.0441,3.1597,0.97215,1.4862,2.1833,1.4777,2.2793,1.1566,1.8027,1.9339,1.752,3.0181,1.8546,1.9158,1.4054,1.8161,1.4075,2.5012,2.363,2.3396,2.0897,1.537,1.7418,3.1592,3.1611,2.262,2.6774,0.87102,2.4247,1.7944,1.5989,0,1.686,0.8578,2.3946,1.6245,2.049,1.2615,3.6381,1.5455,1.8702,1.1753,1.8551,1.8826,1.1483,2.364,1.8629,1.9823,1.5549,1.9017,1.1314,2.3833,2.9365,1.7717,1.251,1.5109,1.7102,1.2821,2.2422,3.2387,3.027,2.4239,2.3502,2.5378,4.2604,3.0877,3.0097,1.5209,2.8324,2.5364,3.0089,2.5065,3.3083,1.93,2.458,3.6932,1.999,2.76,2.6922,2.5877,3.1662,2.9978,3.3755,3.6687,2.8123,1.8384,4.3337,3.2534,2.5714,2.7188,3.7631,2.2623,3.2128,3.3506,3.6743,2.8618,3.1776,2.4497,1.8029,2.2078,2.6052,3.9602,3.0424,2.488,2.2562,3.3307,3.1101,2.8239,3.51,3.5146,2.1727,1.7767,3.3838,3.291,2.6428,3.5998,1.7942,2.8305,3.5734,2.2634,2.4722,4.3715,3.2204,3.2011,3.5163,3.0788,2.8644,3.1735,2.7326,4.2295,1.9787,3.2819,3.1268,2.335,2.5101,3.6189,4.2825,3.8534,3.812,3.3394,4.5258,2.745,4.0075,3.2741,3.5862,2.4636,4.0484,3.1214,3.2035,2.9244,3.2937,3.0265,2.9007,3.4919,4.0026,4.2629,3.0935,4.7599,3.2766,2.9673,3.3867,2.6842,3.2011,3.1267,3.0203,3.671,2.7502,3.3891,2.8583,2.132,3.1405,3.6517,2.9463,3.4522,3.1411,2.9628,4.006,3.2658
